   5    PTs 10.6

20 20 20 35 20 20 20 20 50 54 73 20 31 30 2E 36 0A 
   5  PTINR 0.80

20 20 20 35 20 20 50 54 49 4E 52 20 30 2E 38 30 0A 
   5    PT% 182.36

20 20 20 35 20 20 20 20 50 54 25 20 31 38 32 2E 33 36 0A 
   5 FIBg/L 4.93

20 20 20 35 20 46 49 42 67 2F 4C 20 34 2E 39 33 0A 
   5  APTTs 46.5

20 20 20 35 20 20 41 50 54 54 73 20 34 36 2E 35 0A 
   5    TTs 17.7

20 20 20 35 20 20 20 20 54 54 73 20 31 37 2E 37 0A 
   5 FDPug/ml 0.96

20 20 20 35 20 46 44 50 75 67 2F 6D 6C 20 30 2E 39 36 0A 
